79
91
96
100
42
78
76
61
93
25
96
48
74
11
12
83
27
72
79
93
66
42
33
11
72
39
50
74
36
26
19
41
60
22
53
71
7
71
83
69
26
54
84
28
44
75
13
75
54
83
70
48
51
69
3
39
61
35
99
55
14
21
67
45
43
79
79
18
9
16
96
89
37
18
23
42
84
17
19
61
20
69
23
50
48
16
86
94
12
34
82
89
1
39
74
34
93
22
54
0
79
20
0
91
52
46
37
39
83
97
2
31
1
5
100
35
50
6
82
56
85
4
77
21
69
49
13
17
16
3
54
54
81
56
8
3
94
58
93
30
59
37
91
83
69
8
49
65
70
80
48
86
68
25
71
84
48
25
36
11
85
17
94
15
90
45
38
89
14
86
8
98
52
40
81
82
92
80
27
47
9
90
91
42
20
45
84
41
84
12
2
66
21
59
35
33
69
84
28
34
3
87
91
89
15
9
75
72
95
77
50
6
2
29
50
48
36
38
28
2
0
96
27
54
16
61
6
27
17
33
7
23
36
59
4
18
79
51
3
90
36
41
40
19
6
75
60
95
77
58
46
40
78
12
38
71
73
60
10
31
56
54
29
25
66
91
79
91
68
69
11
62
8
65
69
69
98
39
37
44
82
68
12
38
91
70
49
99
11
9
27
49
41
100
24
95
57
50
72
90
30
94
86
39
58
84
60
94
86
4
46
55
27
51
92
62
67
8
14
69
15
89
19
68
62
20
87
93
97
31
44
25
82
43
90
82
27
62
23
29
33
98
56
26
40
95
93
4
8
61
64
34
55
97
46
13
92
72
17
40
42
80
23
17
33
82
72
16
18
17
16
5
52
81
40
65
95
48
67
73
58
33
16
33
61
65
45
29
86
16
59
74
86
8
75
63
68
47
69
4
13
67
98
68
16
11
70
49
83
28
53
37
75
12
76
36
8
66
48
27
70
75
63
68
84
23
98
50
60
3
36
57
73
77
14
30
17
95
53
37
57
60
16
26
6
25
5
48
48
38
73
42
85
1
41
4
40
76
94
48
84
2
88
55
39
1
49
9
19
96
95
9
28
3
80
20
80
32
22
50
50
63
12
9
42
4
85
33
90
91
33
8
65
99
5
15
78
61
25
92
47
47
37
25
79
45
80
16
22
61
65
79
60
7
35
50
34
64
3
76
94
18
15
20
81
76
96
5
84
42
47
23
62
88
27
42
60
40
44
69
34
85
74
74
3
10
11
90
38
90
67
0
40
66
8
96
80
97
72
55
68
65
31
90
96
59
26
16
69
96
27
90
16
37
34
24
34
32
54
35
60
46
24
65
97
53
100
56
13
86
20
31
42
80
68
53
60
61
74
73
22
59
74
36
93
2
9
55
62
55
54
33
6
48
34
56
56
74
38
4
9
16
32
1
45
31
74
21
95
10
38
47
26
87
3
84
88
84
44
6
97
72
30
8
7
63
10
83
8
91
87
73
78
23
46
26
3
5
13
98
100
88
54
69
21
23
18
51
23
32
62
64
68
97
68
24
89
4
25
91
37
32
26
52
74
18
54
52
1
30
45
100
39
74
32
49
17
79
43
88
14
2
63
73
57
72
8
55
98
14
85
45
8
53
5
93
36
72
93
45
50
47
59
91
97
30
10
41
6
35
40
4
43
96
84
68
49
11
64
76
21
60
81
4
19
69
12
99
50
54
60
46
65
100
84
53
32
92
28
9
68
75
37
1
0
25
49
31
89
24
15
70
43
19
87
40
35
50
59
51
6
85
51
26
13
75
17
100
55
61
7
73
47
32
58
5
9
14
2
91
22
67
31
88
2
57
64
64
92
25
10
30
69
70
83
90
34
76
89
27
13
65
44
7
27
46
29
10
11
2
82
10
79
7
73
51
90
43
7
16
14
12
10
89
31
83
9
21
59
59
42
85
12
68
15
44
40
31
60
53
36
95
8
100
76
61
88
45
75
38
8
54
5
20
70
2
6
35
63
76
43
41
93
5
26
18
71
54
10
77
99
26
36
14
94
39
56
24
88
91
44
50
83
67
14
53
25
6
20
52
38
9
60
87
72
88
43
88
21
13
31
7
63
1
69
100
57
55
87
24
19
66
68
92
54
28
8
75
29
33
97
36
86
92
43
11
97
53
27
67
24
41
75
99
74
81
78
71
91
90
21
95
79
50
38
44
35
5
93
53
70
2
76
19
68
64
93
2
81
3
23
32
41
48
71
91
37
57
18
12
40
43
25
72
89
73
7
23
1
6
